function getOgre() { return {
  "children": [ {
      "children": [ {
          "children": [ {
              "name": "Lamp.001"
            }
          ], 
          "matrix": [ 1, 0, 0, 0, 0, 1, 0, 0, 0, 0, 1, 0, 0, 0, 0, 1 ], 
          "name": "Lamp.001"
        }, 
{
          "children": [ {
              "name": "Lamp"
            }
          ], 
          "matrix": [ 1, 0, 0, 0, 0, 1, 0, 0, 0, 0, 1, 0, 0, 0, 0, 1 ], 
          "name": "Lamp"
        }, 
{
          "children": [ {
              "children": [ {
                  "children": [ {
                      "children": [ {
                          "children": [ {
                              "children": [ {
                                  "children": [ {
                                      "children": [ {
                                          "matrix": [ 1, 1e-05, -3e-05, 0, 0, 0.87328, 0.48721, 0, 3e-05, -0.48721, 0.87328, 0, 0, 0.0631, -0.12292, 1 ], 
                                          "name": "LowerLip"
                                        }, 
{
                                          "children": [ {
                                              "children": [ {
                                                  "matrix": [ 1, 0, 0, 0, 0, 0.94447, -0.32861, 0, 0, 0.32861, 0.94447, 0, 0, 0.22932, 0, 1 ], 
                                                  "name": "TongueTip"
                                                }
                                              ], 
                                              "matrix": [ 1, 0, 1e-05, 0, 0, 0.93632, -0.35114, 0, -1e-05, 0.35114, 0.93632, 0, 0, 0.3202, 0, 1 ], 
                                              "name": "TongueMid"
                                            }
                                          ], 
                                          "matrix": [ 1, 0, -1e-05, 0, 0, 0.74159, 0.67086, 0, 1e-05, -0.67086, 0.74159, 0, 0, 0.18876, -0.22322, 1 ], 
                                          "name": "TongueBase"
                                        }
                                      ], 
                                      "matrix": [ 1, 0, 0, 0, 0, -0.57937, -0.81506, 0, 0, 0.81506, -0.57937, 0, 0, 0.00728, -0.26379, 1 ], 
                                      "name": "Jaw"
                                    }, 
{
                                      "matrix": [ 1, 0, 0, 0, 0, -0.18485, -0.98277, 0, 0, 0.98277, -0.18485, 0, 0, 0.05185, -0.25091, 1 ], 
                                      "name": "UpperLip"
                                    }, 
{
                                      "matrix": [ 0.34101, -0.80287, 0.48899, 0, 0.33039, -0.38462, -0.86192, 0, 0.88009, 0.45548, 0.1341, 0, 0.13698, 0.72613, -0.20005, 1 ], 
                                      "name": "Cheek.R"
                                    }, 
{
                                      "matrix": [ 0.34101, 0.80287, -0.48899, 0, -0.33039, -0.38462, -0.86192, 0, -0.88009, 0.45549, 0.1341, 0, -0.13698, 0.72613, -0.20005, 1 ], 
                                      "name": "Cheek.L"
                                    }, 
{
                                      "matrix": [ 0.29202, -0.94701, -0.13377, 0, 0.62933, 0.29559, -0.71873, 0, 0.72018, 0.1257, 0.6823, 0, 0.21815, 0.68426, -0.51098, 1 ], 
                                      "name": "Brow.R"
                                    }, 
{
                                      "matrix": [ 0.29203, 0.94701, 0.13376, 0, -0.62934, 0.29559, -0.71872, 0, -0.72018, 0.12571, 0.68231, 0, -0.21814, 0.68426, -0.51098, 1 ], 
                                      "name": "Brow.L"
                                    }, 
{
                                      "matrix": [ 1, 0, 0, 0, 0, -0.07539, -0.99715, 0, -1e-05, 0.99715, -0.07539, 0, 0, 0.68359, -0.50946, 1 ], 
                                      "name": "Brow.C"
                                    }, 
{
                                      "matrix": [ -0.52514, 0.83793, -0.14866, 0, 0.01455, -0.16582, -0.98605, 0, -0.85089, -0.51997, 0.07488, 0, 0.26957, 0.63688, -0.6608, 1 ], 
                                      "name": "Eye.R"
                                    }, 
{
                                      "matrix": [ -0.09562, 0.98186, -0.16371, 0, -0.01454, -0.16582, -0.98605, 0, -0.99531, -0.0919, 0.03014, 0, -0.26956, 0.63688, -0.6608, 1 ], 
                                      "name": "Eye.L"
                                    }
                                  ], 
                                  "matrix": [ 1, -1e-05, -1e-05, 0, 1e-05, 0.94506, 0.32691, 0, 1e-05, -0.32691, 0.94506, 0, 0, 0.37934, 0, 1 ], 
                                  "name": "Head"
                                }
                              ], 
                              "matrix": [ 1, 1e-05, 1e-05, 0, -1e-05, 0.97775, -0.20978, 0, -1e-05, 0.20978, 0.97775, 0, 0, 1.61865, -0.29232, 1 ], 
                              "name": "Neck"
                            }, 
{
                              "children": [ {
                                  "children": [ {
                                      "children": [ {
                                          "children": [ {
                                              "children": [ {
                                                  "children": [ {
                                                      "matrix": [ 0.9866, -0.09394, -0.13342, 0, 0.10004, 0.99419, 0.03969, 0, 0.12892, -0.05251, 0.99026, 0, 0, 0.30542, 0, 1 ], 
                                                      "name": "ThumbDist.L"
                                                    }
                                                  ], 
                                                  "matrix": [ 0.87038, 0.47872, 0.11514, 0, -0.3958, 0.81936, -0.41471, 0, -0.29287, 0.31538, 0.90264, 0, 0, 0.5311, 0, 1 ], 
                                                  "name": "ThumbMed.L"
                                                }
                                              ], 
                                              "matrix": [ 0.65235, -0.54561, -0.52607, 0, 0.27592, 0.81743, -0.50564, 0, 0.70591, 0.18471, 0.6838, 0, 0.31698, 0.20557, -0.20854, 1 ], 
                                              "name": "ThumbProx.L"
                                            }, 
{
                                              "children": [ {
                                                  "children": [ {
                                                      "matrix": [ 0.99206, -0.01838, -0.12438, 0, -0.02125, 0.95053, -0.3099, 0, 0.12393, 0.31008, 0.9426, 0, 0, 0.31273, 0, 1 ], 
                                                      "name": "IndexFingerDist.L"
                                                    }
                                                  ], 
                                                  "matrix": [ 0.9971, 0.02591, -0.07162, 0, -0.05124, 0.92389, -0.37921, 0, 0.05635, 0.38178, 0.92254, 0, 0, 0.3436, 0, 1 ], 
                                                  "name": "IndexFingerMed.L"
                                                }
                                              ], 
                                              "matrix": [ 0.87554, 0.00815, -0.48307, 0, 0.00702, 0.99954, 0.02959, 0, 0.48309, -0.0293, 0.87508, 0, 0.31072, 0.78041, -0.02941, 1 ], 
                                              "name": "IndexFingerProx.L"
                                            }, 
{
                                              "children": [ {
                                                  "children": [ {
                                                      "matrix": [ 0.91866, -0.19952, -0.34097, 0, 0.03934, 0.905, -0.42359, 0, 0.39309, 0.37572, 0.83923, 0, 0, 0.33701, 0, 1 ], 
                                                      "name": "MiddleFingerDist.L"
                                                    }
                                                  ], 
                                                  "matrix": [ 0.98938, -0.11701, -0.08629, 0, 0.04735, 0.82051, -0.56967, 0, 0.13746, 0.55954, 0.81733, 0, 0, 0.40876, 0, 1 ], 
                                                  "name": "MiddleFingerMed.L"
                                                }
                                              ], 
                                              "matrix": [ 0.91215, 0.02656, -0.409, 0, 0.026, 0.99214, 0.12242, 0, 0.40904, -0.12229, 0.90429, 0, 0.05689, 0.75096, 0.10815, 1 ], 
                                              "name": "MiddleFingerProx.L"
                                            }, 
{
                                              "children": [ {
                                                  "children": [ {
                                                      "matrix": [ 0.97428, -0.13479, -0.18057, 0, 0.11035, 0.9841, -0.1392, 0, 0.19646, 0.11569, 0.97366, 0, 0, 0.25842, 0, 1 ], 
                                                      "name": "RingFingerDist.L"
                                                    }
                                                  ], 
                                                  "matrix": [ 0.95342, -0.28391, -0.10187, 0, 0.20556, 0.85873, -0.4694, 0, 0.22075, 0.42659, 0.87709, 0, 0, 0.38914, 0, 1 ], 
                                                  "name": "RingFingerMed.L"
                                                }
                                              ], 
                                              "matrix": [ 0.82714, 0.04311, -0.56034, 0, -0.13344, 0.98361, -0.12129, 0, 0.54592, 0.1751, 0.81934, 0, -0.18742, 0.7028, 0.18093, 1 ], 
                                              "name": "RingFingerProx.L"
                                            }, 
{
                                              "children": [ {
                                                  "children": [ {
                                                      "matrix": [ 0.93537, -0.18245, -0.30299, 0, 0.1279, 0.97319, -0.19118, 0, 0.32974, 0.14007, 0.93362, 0, 0, 0.19813, 0, 1 ], 
                                                      "name": "PinkyDist.L"
                                                    }
                                                  ], 
                                                  "matrix": [ 0.94804, -0.304, -0.09386, 0, 0.25526, 0.90286, -0.34595, 0, 0.18991, 0.30401, 0.93355, 0, 0, 0.26732, 0, 1 ], 
                                                  "name": "PinkyMed.L"
                                                }
                                              ], 
                                              "matrix": [ 0.84601, 0.11128, -0.52143, 0, -0.13872, 0.99024, -0.01373, 0, 0.51481, 0.08395, 0.85318, 0, -0.40871, 0.62922, 0.18166, 1 ], 
                                              "name": "PinkyProx.L"
                                            }, 
{
                                              "matrix": [ 0.20359, 0.20936, 0.95641, 0, 0.24794, -0.95605, 0.15651, 0, 0.94714, 0.20527, -0.24656, 0, 0.55392, 0.81515, -0.3556, 1 ], 
                                              "name": "Handle.L"
                                            }
                                          ], 
                                          "matrix": [ 0.72898, -0.01444, 0.68439, 0, 0.06455, 0.99677, -0.04772, 0, -0.68149, 0.07897, 0.72756, 0, 0, 1.19418, 0, 1 ], 
                                          "name": "Hand.L"
                                        }
                                      ], 
                                      "matrix": [ -0.69651, -0.28782, -0.65729, 0, 0.29571, 0.71948, -0.62841, 0, 0.65378, -0.63206, -0.41601, 0, 0, 1.85144, 0, 1 ], 
                                      "name": "Ulna.L"
                                    }
                                  ], 
                                  "matrix": [ 0.06135, 0.67372, 0.73644, 0, 0.11657, 0.72794, -0.67565, 0, -0.99129, 0.1273, -0.03387, 0, 0, 1.61425, 0, 1 ], 
                                  "name": "Humerus.L"
                                }
                              ], 
                              "matrix": [ 0.14211, -0.09944, -0.98484, 0, -0.98958, -0.03771, -0.13899, 0, -0.02332, 0.99433, -0.10376, 0, 0, 1.28343, 0, 1 ], 
                              "name": "Clavicle.L"
                            }, 
{
                              "children": [ {
                                  "children": [ {
                                      "children": [ {
                                          "children": [ {
                                              "children": [ {
                                                  "children": [ {
                                                      "matrix": [ 0.9866, 0.09394, 0.13342, 0, -0.10003, 0.99419, 0.0397, 0, -0.12892, -0.05251, 0.99026, 0, 0, 0.30542, 0, 1 ], 
                                                      "name": "ThumbDist.R"
                                                    }
                                                  ], 
                                                  "matrix": [ 0.87038, -0.47872, -0.11514, 0, 0.3958, 0.81936, -0.41471, 0, 0.29288, 0.31538, 0.90264, 0, 0, 0.5311, 0, 1 ], 
                                                  "name": "ThumbMed.R"
                                                }
                                              ], 
                                              "matrix": [ 0.82644, 0.54561, 0.13894, 0, -0.48829, 0.81743, -0.3056, 0, -0.28031, 0.18471, 0.94197, 0, -0.3785, 0.20555, -0.02647, 1 ], 
                                              "name": "ThumbProx.R"
                                            }, 
{
                                              "children": [ {
                                                  "children": [ {
                                                      "matrix": [ 0.99206, 0.01839, 0.12438, 0, 0.02123, 0.95053, -0.3099, 0, -0.12393, 0.31009, 0.9426, 0, 0, 0.31273, 0, 1 ], 
                                                      "name": "IndexFingerDist.R"
                                                    }
                                                  ], 
                                                  "matrix": [ 0.9971, -0.02591, 0.07162, 0, 0.05124, 0.92389, -0.37921, 0, -0.05635, 0.38178, 0.92254, 0, 0, 0.3436, 0, 1 ], 
                                                  "name": "IndexFingerMed.R"
                                                }
                                              ], 
                                              "matrix": [ 0.99994, -0.00815, -0.0079, 0, 0.00837, 0.99954, 0.02923, 0, 0.00766, -0.0293, 0.99954, 0, -0.28528, 0.78039, 0.12661, 1 ], 
                                              "name": "IndexFingerProx.R"
                                            }, 
{
                                              "children": [ {
                                                  "children": [ {
                                                      "matrix": [ 0.91866, 0.19953, 0.34097, 0, -0.03934, 0.905, -0.42359, 0, -0.39309, 0.37572, 0.83923, 0, 0, 0.33701, 0, 1 ], 
                                                      "name": "MiddleFingerDist.R"
                                                    }
                                                  ], 
                                                  "matrix": [ 0.98937, 0.11701, 0.08629, 0, -0.04735, 0.82051, -0.56967, 0, -0.13746, 0.55953, 0.81733, 0, 0, 0.40876, 0, 1 ], 
                                                  "name": "MiddleFingerMed.R"
                                                }
                                              ], 
                                              "matrix": [ 0.99555, -0.02656, -0.0904, 0, 0.03732, 0.99214, 0.11945, 0, 0.08652, -0.12229, 0.98872, 0, 0.00339, 0.75095, 0.12216, 1 ], 
                                              "name": "MiddleFingerProx.R"
                                            }, 
{
                                              "children": [ {
                                                  "children": [ {
                                                      "matrix": [ 0.97428, 0.1348, 0.18057, 0, -0.11035, 0.9841, -0.1392, 0, -0.19646, 0.11569, 0.97366, 0, 0, 0.25842, 0, 1 ], 
                                                      "name": "RingFingerDist.R"
                                                    }
                                                  ], 
                                                  "matrix": [ 0.95342, 0.28391, 0.10187, 0, -0.20556, 0.85873, -0.4694, 0, -0.22074, 0.42659, 0.87709, 0, 0, 0.38914, 0, 1 ], 
                                                  "name": "RingFingerMed.R"
                                                }
                                              ], 
                                              "matrix": [ 0.9956, -0.04311, 0.08317, 0, 0.05688, 0.98361, -0.17113, 0, -0.07443, 0.1751, 0.98173, 0, 0.25203, 0.70279, 0.06588, 1 ], 
                                              "name": "RingFingerProx.R"
                                            }, 
{
                                              "children": [ {
                                                  "children": [ {
                                                      "matrix": [ 0.93537, 0.18245, 0.30299, 0, -0.1279, 0.97319, -0.19119, 0, -0.32974, 0.14008, 0.93362, 0, 0, 0.19813, 0, 1 ], 
                                                      "name": "PinkyDist.R"
                                                    }
                                                  ], 
                                                  "matrix": [ 0.94804, 0.304, 0.09386, 0, -0.25526, 0.90286, -0.34595, 0, -0.18991, 0.30401, 0.93355, 0, 0, 0.26732, 0, 1 ], 
                                                  "name": "PinkyMed.R"
                                                }
                                              ], 
                                              "matrix": [ 0.99298, -0.11128, 0.04001, 0, 0.11419, 0.99024, -0.07994, 0, -0.03073, 0.08395, 0.996, 0, 0.44529, 0.62921, -0.04191, 1 ], 
                                              "name": "PinkyProx.R"
                                            }, 
{
                                              "matrix": [ -0.29115, -0.20937, -0.93348, 0, -0.13945, -0.95605, 0.25793, 0, -0.94646, 0.20527, 0.24916, 0, -0.65711, 0.81514, -0.03858, 1 ], 
                                              "name": "Handle.R"
                                            }
                                          ], 
                                          "matrix": [ 0.98928, 0.05127, 0.13677, 0, -0.04223, 0.99677, -0.06826, 0, -0.13982, 0.06175, 0.98825, 0, 0, 1.19418, 0, 1 ], 
                                          "name": "Hand.R"
                                        }
                                      ], 
                                      "matrix": [ -0.40417, 0.50182, 0.76474, 0, -0.29571, 0.71948, -0.62841, 0, -0.86556, -0.48013, -0.1424, 0, 0, 1.85144, 0, 1 ], 
                                      "name": "Ulna.R"
                                    }
                                  ], 
                                  "matrix": [ 0.06135, -0.67372, -0.73644, 0, -0.11657, 0.72794, -0.67565, 0, 0.99129, 0.1273, -0.03387, 0, 0, 1.61426, 0, 1 ], 
                                  "name": "Humerus.R"
                                }
                              ], 
                              "matrix": [ 0.14211, 0.09944, 0.98484, 0, 0.98958, -0.03771, -0.13899, 0, 0.02332, 0.99433, -0.10376, 0, 0, 1.28343, 0, 1 ], 
                              "name": "Clavicle.R"
                            }, 
{
                              "matrix": [ -0.13462, 0.30408, 0.94309, 0, -0.89241, -0.45087, 0.01799, 0, 0.43068, -0.8392, 0.33206, 0, -1.069, 1.79517, 0.42521, 1 ], 
                              "name": "Sheath.L"
                            }, 
{
                              "matrix": [ 0.15433, -0.19136, -0.96931, 0, 0.86529, -0.44738, 0.22609, 0, -0.47692, -0.87363, 0.09654, 0, 1.03, 1.79798, 0.67716, 1 ], 
                              "name": "Sheath.R"
                            }
                          ], 
                          "matrix": [ 1, 0, 0, 0, 0, 0.95234, -0.30504, 0, 0, 0.30504, 0.95234, 0, 0, 0.57551, 0, 1 ], 
                          "name": "Chest"
                        }
                      ], 
                      "matrix": [ -1, 0, 0, 0, 0, 0.97307, -0.2305, 0, 0, -0.2305, -0.97307, 0, 0, 0.63299, 0, 1 ], 
                      "name": "Stomach"
                    }
                  ], 
                  "matrix": [ 1, 0, 0, 0, 0, 1, -0.00115, 0, 0, 0.00115, 1, 0, 0, -0.44417, -0.19273, 1 ], 
                  "name": "Waist"
                }, 
{
                  "children": [ {
                      "children": [ {
                          "children": [ {
                              "matrix": [ 0.99245, -0.09851, 0.07313, 0, 0.05974, 0.90864, 0.41329, 0, -0.10716, -0.40579, 0.90766, 0, 0, 0.76557, 0, 1 ], 
                              "name": "Toe.L"
                            }
                          ], 
                          "matrix": [ 0.99151, -0.12862, 0.01897, 0, 0.03006, 0.36871, 0.92906, 0, -0.12649, -0.9206, 0.36945, 0, 0, 1.81503, 0, 1 ], 
                          "name": "Foot.L"
                        }
                      ], 
                      "matrix": [ 0.99754, -0.06005, 0.03621, 0, 0.06889, 0.93577, -0.34581, 0, -0.01312, 0.34745, 0.93761, 0, 0, 1.6393, 0, 1 ], 
                      "name": "Calf.L"
                    }
                  ], 
                  "matrix": [ -0.94362, -0.30906, 0.1186, 0, 0.32673, -0.92708, 0.18374, 0, 0.05316, 0.21213, 0.97579, 0, 0.63852, -1.03328, -0.00148, 1 ], 
                  "name": "Thigh.L"
                }, 
{
                  "children": [ {
                      "children": [ {
                          "children": [ {
                              "matrix": [ 0.99245, 0.09851, -0.07312, 0, -0.05974, 0.90864, 0.41329, 0, 0.10715, -0.4058, 0.90766, 0, 0, 0.76558, 0, 1 ], 
                              "name": "Toe.R"
                            }
                          ], 
                          "matrix": [ 0.99151, 0.12864, -0.01897, 0, -0.03006, 0.3687, 0.92906, 0, 0.12651, -0.9206, 0.36944, 0, 0, 1.81503, 0, 1 ], 
                          "name": "Foot.R"
                        }
                      ], 
                      "matrix": [ 0.99754, 0.06005, -0.03621, 0, -0.06888, 0.93577, -0.34581, 0, 0.01312, 0.34745, 0.93761, 0, 0, 1.63931, 0, 1 ], 
                      "name": "Calf.R"
                    }
                  ], 
                  "matrix": [ -0.94362, 0.30906, -0.1186, 0, -0.32673, -0.92708, 0.18374, 0, -0.05316, 0.21213, 0.97579, 0, -0.63852, -1.03328, -0.00148, 1 ], 
                  "name": "Thigh.R"
                }
              ], 
              "matrix": [ 1, 0, 0, 0, 0, 0, 1, 0, 0, -1, 0, 0, 0, 0, 0, 1 ], 
              "name": "Root"
            }, 
{
              "children": [ {
                  "children": [ {
                      "attributes": {
                        "Normal": {
